2.001796e+00
2.003464e+00
2.004878e+00
2.006037e+00
2.006944e+00
2.262638e+00
2.518247e+00
2.773868e+00
3.029478e+00
3.285043e+00
3.540524e+00
3.795868e+00
4.051147e+00
4.306464e+00
4.561804e+00
4.817145e+00
5.072458e+00
5.327709e+00
5.582853e+00
5.837970e+00
6.093176e+00
6.348470e+00
6.603848e+00
6.859308e+00
7.114845e+00
7.370454e+00
7.626129e+00
7.881861e+00
8.137640e+00
8.393452e+00
8.649279e+00
8.905101e+00
9.160887e+00
9.416603e+00
9.672201e+00
9.927761e+00
1.018340e+01
1.043911e+01
1.069488e+01
1.095071e+01
1.120659e+01
1.146250e+01
1.171844e+01
1.197438e+01
1.223029e+01
1.248615e+01
1.274190e+01
1.299751e+01
1.325304e+01
1.350859e+01
1.376414e+01
1.401968e+01
1.427517e+01
1.453058e+01
1.478585e+01
1.504106e+01
1.529632e+01
1.555163e+01
1.580696e+01
1.606231e+01
1.631765e+01
1.657296e+01
1.682821e+01
1.708334e+01
1.733832e+01
1.759320e+01
1.784810e+01
1.810298e+01
1.835783e+01
1.861261e+01
1.886728e+01
1.912179e+01
1.937620e+01
1.963062e+01
1.988502e+01
2.013939e+01
2.039368e+01
2.064785e+01
2.090186e+01
2.115576e+01
2.140966e+01
2.166354e+01
2.191737e+01
2.217111e+01
2.242472e+01
2.267828e+01
2.293189e+01
2.318557e+01
2.343929e+01
2.369306e+01
2.394686e+01
2.420069e+01
2.445451e+01
2.470833e+01
2.496211e+01
2.521581e+01
2.546941e+01
2.572285e+01
2.597621e+01
2.622958e+01
2.648296e+01
2.673633e+01
2.698967e+01
2.724294e+01
2.749610e+01
2.774912e+01
2.800206e+01
2.825504e+01
2.850804e+01
2.876106e+01
2.901408e+01
2.926707e+01
2.952002e+01
2.977290e+01
3.002565e+01
3.027823e+01
3.053072e+01
3.078321e+01
3.103570e+01
3.128816e+01
3.154056e+01
3.179287e+01
3.204506e+01
3.229706e+01
3.254894e+01
3.280082e+01
3.305266e+01
3.330444e+01
3.355612e+01
3.380767e+01
3.405916e+01
3.431072e+01
3.456234e+01
3.481402e+01
3.506576e+01
3.531756e+01
3.556942e+01
3.582133e+01
3.607329e+01
3.632530e+01
3.657735e+01
3.682944e+01
3.708156e+01
3.733371e+01
3.758586e+01
3.783801e+01
3.809013e+01
3.834222e+01
3.859422e+01
3.884612e+01
3.909787e+01
3.934955e+01
3.960127e+01
3.985302e+01
4.010481e+01
4.035662e+01
4.060845e+01
4.086028e+01
4.111209e+01
4.136387e+01
4.161560e+01
4.186723e+01
4.211875e+01
4.237008e+01
4.262133e+01
4.287258e+01
4.312384e+01
4.337508e+01
4.362629e+01
4.387744e+01
4.412851e+01
4.437946e+01
4.463023e+01
4.488093e+01
4.513164e+01
4.538238e+01
4.563311e+01
4.588385e+01
4.613455e+01
4.638522e+01
4.663582e+01
4.688632e+01
4.713668e+01
4.738686e+01
4.763693e+01
4.788699e+01
4.813703e+01
4.838704e+01
4.863699e+01
4.888685e+01
4.913659e+01
4.938617e+01
4.963566e+01
4.988519e+01
5.013473e+01
5.038430e+01
5.063388e+01
5.088347e+01
5.113304e+01
5.138259e+01
5.163210e+01
5.188155e+01
5.213089e+01
5.238011e+01
5.262916e+01
5.287811e+01
5.312707e+01
5.337605e+01
5.362504e+01
5.387401e+01
5.412297e+01
5.437188e+01
5.462074e+01
5.486951e+01
5.511816e+01
5.536665e+01
5.561493e+01
5.586308e+01
5.611119e+01
5.635925e+01
5.660723e+01
5.685511e+01
5.710284e+01
5.735038e+01
5.759782e+01
5.784525e+01
5.809268e+01
5.834008e+01
5.858744e+01
5.883475e+01
5.908198e+01
5.932909e+01
5.957606e+01
5.982283e+01
6.006949e+01
6.031614e+01
6.056278e+01
6.080939e+01
6.105595e+01
6.130245e+01
6.154886e+01
6.179515e+01
6.204127e+01
6.228718e+01
6.253297e+01
6.277873e+01
6.302444e+01
6.327010e+01
6.351568e+01
6.376115e+01
6.400647e+01
6.425161e+01
6.449664e+01
6.474168e+01
6.498673e+01
6.523177e+01
6.547680e+01
6.572180e+01
6.596677e+01
6.621169e+01
6.645653e+01
6.670127e+01
6.694588e+01
6.719032e+01
6.743454e+01
6.767863e+01
6.792268e+01
6.816667e+01
6.841061e+01
6.865445e+01
6.889817e+01
6.914173e+01
6.938510e+01
6.962835e+01
6.987159e+01
7.011483e+01
7.035805e+01
7.060124e+01
7.084438e+01
7.108746e+01
7.133047e+01
7.157336e+01
7.181612e+01
7.205870e+01
7.230106e+01
7.254328e+01
7.278546e+01
7.302759e+01
7.326965e+01
7.351161e+01
7.375347e+01
7.399517e+01
7.423668e+01
7.447809e+01
7.471951e+01
7.496095e+01
7.520240e+01
7.544386e+01
7.568532e+01
7.592678e+01
7.616824e+01
7.640970e+01
7.665113e+01
7.689255e+01
7.713393e+01
7.737526e+01
7.761654e+01
7.785773e+01
7.809883e+01
7.833979e+01
7.858059e+01
7.882118e+01
7.906165e+01
7.930212e+01
7.954258e+01
7.978302e+01
8.002343e+01
8.026381e+01
8.050415e+01
8.074442e+01
8.098462e+01
8.122472e+01
8.146469e+01
8.170451e+01
8.194413e+01
8.218351e+01
8.242273e+01
8.266189e+01
8.290098e+01
8.313998e+01
8.337886e+01
8.361760e+01
8.385615e+01
8.409449e+01
8.433269e+01
8.457086e+01
8.480900e+01
8.504709e+01
8.528513e+01
8.552309e+01
8.576097e+01
8.599874e+01
8.623637e+01
8.647383e+01
8.671107e+01
8.694820e+01
8.718532e+01
8.742243e+01
8.765954e+01
8.789662e+01
8.813369e+01
8.837072e+01
8.860773e+01
8.884469e+01
8.908159e+01
8.931842e+01
8.955517e+01
8.979182e+01
9.002833e+01
9.026469e+01
9.050085e+01
9.073677e+01
9.097254e+01
9.120827e+01
9.144394e+01
9.167955e+01
9.191508e+01
9.215051e+01
9.238583e+01
9.262099e+01
9.285598e+01
9.309076e+01
9.332540e+01
9.356004e+01
9.379467e+01
9.402929e+01
9.426389e+01
9.449847e+01
9.473303e+01
9.496756e+01
9.520205e+01
9.543651e+01
9.567091e+01
9.590526e+01
9.613953e+01
9.637371e+01
9.660779e+01
9.684173e+01
9.707553e+01
9.730913e+01
9.754251e+01
9.777575e+01
9.800897e+01
9.824217e+01
9.847533e+01
9.870847e+01
9.894156e+01
9.917461e+01
9.940761e+01
9.964054e+01
9.987339e+01
1.001061e+02
1.003388e+02
1.005713e+02
1.008037e+02
1.010358e+02
1.012677e+02
1.014995e+02
1.017313e+02
1.019630e+02
1.021948e+02
1.024264e+02
1.026581e+02
1.028897e+02
1.031212e+02
1.033527e+02
1.035842e+02
1.038155e+02
1.040467e+02
1.042779e+02
1.045089e+02
1.047397e+02
1.049704e+02
1.052008e+02
1.054309e+02
1.056609e+02
1.058908e+02
1.061206e+02
1.063503e+02
1.065799e+02
1.068093e+02
1.070386e+02
1.072676e+02
1.074965e+02
1.077251e+02
1.079538e+02
1.081824e+02
1.084109e+02
1.086395e+02
1.088679e+02
1.090964e+02
1.093247e+02
1.095530e+02
1.097812e+02
1.100093e+02
1.102373e+02
1.104652e+02
1.106929e+02
1.109204e+02
1.111478e+02
1.113749e+02
1.116018e+02
1.118287e+02
1.120556e+02
1.122824e+02
1.125091e+02
1.127359e+02
1.129625e+02
1.131891e+02
1.134157e+02
1.136421e+02
1.138684e+02
1.140947e+02
1.143208e+02
1.145467e+02
1.147725e+02
1.149981e+02
1.152235e+02
1.154486e+02
1.156735e+02
1.158983e+02
1.161231e+02
1.163477e+02
1.165723e+02
1.167967e+02
1.170210e+02
1.172451e+02
1.174691e+02
1.176928e+02
1.179163e+02
1.181396e+02
1.183629e+02
1.185861e+02
1.188093e+02
1.190325e+02
1.192556e+02
1.194786e+02
1.197016e+02
1.199246e+02
1.201474e+02
1.203702e+02
1.205929e+02
1.208156e+02
1.210381e+02
1.212604e+02
1.214827e+02
1.217048e+02
1.219267e+02
1.221484e+02
1.223699e+02
