2264037
6067471
1466644
5601759
1968746
1384419
6339663
1863532
1841209
1720521
6238660
1861837
6319874
9548472
2205441
2093779
1669020
6718912
1392790
1770629
4760501
4938181
1254202
2038700
5403880
1379622
2398197
6648662
2046294
1230498
3368105
4143572
8775092
1196123
1531505
1491663
1868449
1719385
7118173
1282205
2663224
2818246
5471993
1096942
1636613
1950067
3809032
2196273
1601372
1255490
7799827
1429239
1484427
1396979
4666684
2058439
1627860
1346895
4271150
6542388
6221763
4377163
2383100
1064234
5238765
1779780
1752150
1758019
2708885
2083541
1441137
1420628
4193773
2489209
2432232
9592905
5565478
2656751
2571659
1584199
1833436
1758686
7162418
2531140
5008484
6360879
2480297
2450471
1268852
2520691
1052133
1141090
9095945
2553085
1376526
2256800
6681358
2134347
1878081
2488397
4317436
1464789
9121988
5026055
3676064
1753954
1878834
2524460
9521897
5208745
1546959
1494513
1871806
1681675
2292307
1410479
2416198
3701391
2427452
2142843
6223291
2030927
5266620
2057825
1867377
1462663
2246736
2095588
1207873
6594168
1583523
1599338
1901773
1025523
2545822
1986533
3221984
2384602
8190853
3677820
1423360
9005894
2536598
9036699
4962944
1128393
1594452
2140174
1379491
6558373
5966164
2480335
1393834
1388105
4331523
1709571
8261772
5826045
2242340
2069341
1781150
1407942
8888129
1392577
1443374
3672805
1178824
1198819
3027288
1629428
1884742
1856517
2052200
1343651
2059988
1185478
1473236
1764327
5281627
4352954
5813671
1784667
2039846
2077230
5485540
1859979
1731847
1031394
1977809
2439003
2296651
2140502
2029968
3792948
1295349
2234395
2200855
9848286
4136324
1704013
7282956
1072376
1403856
1871472
5487718
4641958
1022614
8169413
1794632
8682867
2448687
1983568
4800770
2160929
1188173
9757374
2085944
2119397
5035461
2599163
2028348
1592895
1599434
6049200
1245948
1004892
1327172
1880609
6703136
1735813
1337232
2133304
1806566
2144855
1585358
1153769
1669594
1617239
1996696
2060301
9306561
2483929
1882175
5821057
2120461
2306103
7827371
1782153
5241134
8830560
3981608
4305111
3825055
2199733
1956401
4932481
2422141
1129044
1075023
2045186
8495926
1960069
8672095
1952229
3173681
1018441
1173983
1997807
1737044
7081289
2462534
1072953
1760239
1239190
1502875
9203263
4520459
2301928
5463203
9024436
1274162
3070890
2355320
8712856
1615617
1561185
1715721
7564487
1469013
2012607
2055965
2058282
2100102
1890940
3659069
5402659
1051527
5811282
5902088
8687807
1922092
2468895
1396788
4642006
4209690
1739837
1042257
1391463
1958905
2038188
1175478
1719392
1223113
1620473
1319410
4153664
2153910
1232293
7047025
1405239
5584083
3499711
2430462
1701662
1865730
1060371
1453658
1875119
4385138
1554668
5618568
2512133
4298280
2060632
3641885
5819018
1895551
6796529
5971569
2229134
1609440
1272481
3224624
1238652
2432463
1657187
1126502
1092713
5608573
6966459
1244361
2645387
1880395
2337025
2154806
1702959
1745584
2092533
6813178
1361054
1312055
2324705
2056256
5011747
8838172
1031058
1964934
2200435
1409442
4416018
1037126
1425151
1547055
5684640
1703159
8232412
2288077
4478230
2523508
2220476
7014824
1677299
1554096
1665823
1289657
8950535
7918420
9184320
1793420
1770605
1527406
2734635
2472556
1747837
1575239
1458051
1268483
1498352
1055208
1586358
2187063
2112274
2500966
6395157
1985778
1474226
3221986
3938517
1573686
2159392
1969174
1953264
3112214
2494867
1175269
4589333
1889229
1926836
2362110
9586423
1869251
4147654
4794655
6644433
1110461
1616045
2088401
3057801
7156453
1543886
9985325
1246578
1349565
1836084
2059259
6186238
1302689
1876642
9785782
1487397
5229871
2255646
9809292
1462080
1360411
5309623
6531845
2078590
2161860
2331074
2596254
4953672
2198574
2527871
2020908
1952226
1900350
9722101
5585149
1152801
1765457
2513258
6270920
1876269
1522927
1182853
1404727
8353740
1420977
2177522
7083280
2032720
2212794
1650573
2330425
2394771
3481550
9155118
2138008
4287009
2125281
1929475
1720847
1947497
1253987
2075165
9653922
5858105
2210441
2096525
2453244
2237342
4383264
2164105
1403920
3776644
2828436
1440513
1310211
1961881
2122770
7516628
1405257
1863490
1539145
5825866
1723199
1596789
6219138
1723157
5919568
1583508
2100803
2072953
1671728
1743652
1886446
1361959
1574932
2908468
1023468
1971062
1451624
5031672
1839271
1987614
4810187
3097310
5944861
2127456
1669221
2040551
2346830
1060187
2263230
1010875
4063245
2118428
3588822
2488565
6706161
1099957
1292385
9387401
2028896
1559912
2514900
1967814
1046983
1384040
1522154
1677969
3236775
4968910
1222039
2225707
2823615
1118191
4592824
2033271
8824899
1555614
2072976
3751097
2304114
2470671
8195956
3056419
1964464
1419507
1968390
1744521
1472553
5020971
5440599
1676239
1576732
1310928
1854337
1175729
1432585
1600923
4092753
1999181
1618307
1128894
2050712
7677956
2324118
1260712
2809616
1227051
7429580
2041858
2500190
8422908
2136141
5158473
2018945
5685456
1990025
7714738
2304973
3323784
1612912
2197194
2321875
1515265
1192743
3673533
2470660
1919222
2455865
1953187
4550893
3456309
7928430
2368720
7348696
1141908
2442596
1782646
6566412
9298421
1844193
1760383
1040873
1124023
4904842
1825400
1546333
2126047
8279011
1335766
7994835
2118211
3227583
1105444
1805876
1514261
2404807
1175225
1000167
4929731
1093588
1866932
5039325
7341416
7068401
2006514
1670918
1951089
2142671
6295665
8550608
1999885
1202537
1162039
9216540
2361145
2411664
1879492
4119642
1462698
1710618
1426949
5343979
1454915
1876914
1005327
1362514
1165659
1274204
2123771
9062198
9924977
9929215
2436748
3484852
5612141
6148950
1772535
1780763
7561530
1366130
2666415
9816646
5351999
1703569
7309381
6632874
9067970
6678970
7436317
2451153
5040299
1478677
1244792
6107308
5359711
1170460
1691293
1431843
3933153
3711192
3257413
2413363
1099763
1333441
1028630
2242351
1702894
4938928
5006646
2177878
2977855
1331635
2086388
2050569
4473128
1207806
1720249
1328262
3551717
3326879
1605331
8147819
5814929
4531628
5573360
1604695
2318560
4353311
1117854
2515278
2069539
3467845
5164618
2473558
2052147
4208373
2467404
1563492
1071328
6701289
2029498
7944123
3958479
1059147
1045005
1728812
6000042
2166081
2133409
2496642
5691060
2063360
1281141
1617347
5200936
1431788
2085703
1216119
1190147
1607660
3019930
1627296
1948856
1460693
2000417
1709506
1233935
1140433
1360153
1583229
1239283
4125902
2033799
6232233
1924658
2131073
1146363
2213476
5128747
1958621
1206193
1962720
1242378
1261105
2189999
2151289
1276412
1632497
1178735
1792010
1197219
7629696
1953591
2466601
1956492
1907346
1857499
1500374
1743554
1580391
2269885
1048652
2044779
1155116
5077768
2464383
6515543
2890553
1417678
5618263
2079476
2040671
9752908
5783597
1857837
1864922
2372930
4068420
3034134
6998750
7051452
3595538
3628024
1294823
1104514
8219292
2392985
3774873
2116845
2390007
5424019
8501734
1873619
1776702
1131209
2102851
2170341
2033632
2538494
4559941
6731191
1671692
2490361
2518867
1749041
2006793
1168203
3295228
6750174
3446874
1726751
1292709
7125007
2070136
6220232
1673776
2458358
1707036
2045667
1739626
2111217
1085871
2517526
7538146
6649822
2855074
1952292
1195809
3828693
2152736
5386457
2132269
1643775
6895637
5279812
1787413
1444830
1468686
2034747
1393139
6163824
2223083
2284293
2238726
1601894
1236153
1910939
2117985
2328352
9803963
1702395
2120462
1818892
2167683
1320242
2093344
1749859
1979814
4361604
6362411
1258156
7177457
1142695
1726370
1160934
1959291
1122803
8785606
6165956
2495755
1703031
1345683
1740548
2013977
1239230
1826782
1144869
4041739
3909974
1274205
1573650
1992323
3227698
1457617
8273027
1573705
2244932
5951900
1756192
4990068
1366136
1866618
7270402
1975966
1443917
9232683
2515627
1119424
9419192
2695415
1393470
2498224
1496830
6409587
1485627
1275796
2113122
2114901
2146105
2507597
1967990
2088033
2254693
2030049
1531253
1201477
1030939
9899462
1867222
1405500
1156934
1779721
5583314
3714915
2021216
2252772
2818952
1086869
2432310
1834594
1695751
9851715
8779201
4487873
2148197
8884924
1999867
1454135
7364873
5549991
9361770
1652645
1101416
1500042
1183120
1314573
6968188
2314277
2352927
1583749
2010720
1630183
6392044
1959984
1109660
1557962
2407611
2744180
4442624
1476707
2108106
1378840
1116350
1405004
1554899
1910943
1276127
2039546
1190865
1874659
1918537
3019508
2020126
8480068
2501593
2250891
1923633
1785285
2150940
1368068
4707016
3518030
1023052
1004626
2097501
4377922
5197303
2338551
2007793
1001264
6159459
1127882
1380903
2521244
1819096
8056673
1621458
1301340
1549580
1895031
4193494
2500121
2009349
2122502
2470791
2083084
2082334
1898800
2785402
9361957
2051765
1824069
1509875
2071438
3142416
9271979
4391679
5214473
2423859
1283984
1254526
1588056
1318691
2210114
5025539
1276746
6367056
1856969
2067382
2076393
1839168
2256262
1819183
2555923
1533964
2193160
7942637
6975162
3944080
2061084
1665028
1717668
1802707
2457013
2036125
5950972
2363748
2288404
7645949
2148484
2056406
1193151
6563387
2430499
2493793
1530457
3109582
1498178
1382746
1998688
2288436
2414317
1997388
5274720
1041144
1457121
1954415
2050378
1806999
1891858
2114046
1549700
2198653
1160637
8759762
1873874
7064342
9614696
1266088
1202997
5919149
1446329
9630608
1043773
1140075
2021011
1775633
1026473
2070675
1278849
5509515
5226038
1344138
2820633
5252820
1871625
1853921
1472451
1562059
1388517
7768421
1744395
1426436
6906633
6591678
2175900
1016687
1749935
1411412
5044058
3102115
7575916
5088220
1075962
1886179
2394014
2783072
4838601
6515452
2005382
8303053
1370968
1615545
5202292
2292598
1374307
1304145
1032966
1335461
9943237
2053637
1117075
1046779
4842768
1932156
8646263
7523769
2891937
5200385
1833501
3520036
1280738
2418331
5758517
1442332
6423574
1959993
2143880
1522340
1386954
1347359
1641310
4649405
8925587
8482488
7146212
2113685
6722434
1391621
1030597
1416598
5784211
1312950
7195608
5833830
1326685
1260881
2043670
1018982
3337712
7546627
2387536
3641141
7152054
4738640
4480447
2271687
1057327
2066080
9046246
5107810
1793643
7700995
6778229
1299786
1176680
7157637
1624715
1966541
2099253
6699041
1993093
2363267
2085547
2108393
3390331
1144338
1284088
1429880
5082523
2116340
1851021
5735636
1944457
2102681
2082001
2441344
3626326
7978325
2033263
2112615
2200603
2123565
1314325
2320492
2456238
1368992
3124115
1363687
2176674
1897174
4599710
1635792
2709207
8944998
5371477
2429704
7600649
3356048
1882807
4878708
1632065
2028892
5808901
1301626
1855539
1069047
5581271
1985613
2403059
2174239
1354509
1489636
1679822
1305128
1229028
1701326
2023700
1723272
5216961
5808044
3549181
3564471
1374498
1007780
2547258
7888638
2205425
8834396
1515998
1895061
8079498
1578394
1425157
2150076
1848099
4203434
2864765
2089796
3781827
1726181
5836156
2124561
5847282
2513573
1748247
2070429
2263897
1738131
1922527
1715344
3578950
2065432
1675628
1375174
4293305
1637089
9465405
1201731
5715534
1686013
2330519
1802504
6372478
2486336
1979995
3008524
1346334
2105489
1183973
1988608
6764251
9449390
6023282
2110105
4181444
2174693
1966127
1549590
1190921
1039758
2536243
1754165
8589436
1235850
4865817
2032978
6158036
1209525
3368379
8535091
1970096
1706635
1419474
5279309
1585992
1863321
9162451
2290848
5232694
1752275
1406882
1992576
6780376
2475547
2168854
1171232
6302270
2109908
1619276
3865939
5263726
1575192
2074955
1684842
5808816
1872895
4111800
2075634
1995511
1663058
6277478
1412807
5784108
1346250
1288786
4890162
5545899
4811775
1184267
1582082
1417139
1367837
2182080
2123716
1358360
2417000
1605047
5380613
1661805
1596271
5918102
1072973
1324118
2231239
6270313
6887588
2220533
1035168
3680053
5555435
2212190
2214444
1507099
1746659
1286751
2023439
1427290
2081285
1986267
6618629
1236872
6757119
4142073
8650486
2047860
5346483
7667786
1380719
1760998
2262566
1451835
2242233
4536375
3073311
1381940
1612313
1404415
2209688
1453825
2375864
1743710
2203579
1695591
2010413
1393009
2417637
2185402
1527088
1673933
1589790
1798600
5657651
2180150
1296153
1973923
1777134
6153621
1104218
2474031
7074604
2517527
1343681
1795570
1493734
4795192
1883067
6546450
1881591
2310491
1421629
2091942
1951435
1756713
2123399
5458492
1171382
2528318
1391199
1568152
2183052
2081309
2086653
2473327
2062601
4711145
1999876
2148167
8255766
1223900
6043531
2270276
1816526
2534630
6035450
4956175
1605358
2063017
5652337
1651865
1338398
6734781
1570735
2111973
5172913
1687839
1431124
1698781
1985588
9345192
1711360
1286787
1003352
9564083
1182970
3987252
3930966
2212134
1023332
1917968
5100926
1617712
2489981
1823258
2177866
2024810
1595034
1407798
2063468
1870627
1505665
1473694
1553819
1744103
1408128
9653333
2891929
1349267
1202317
4908312
8845399
1275098
2369667
1224211
2346513
1796944
4762406
2925455
9083352
2112044
8543723
5266514
5363109
1576488
1834469
2034035
4107378
7377459
2007369
8450122
1372312
2005113
4859379
1112629
1991852
1670898
1738178
2902621
1367613
1478016
1058523
1142118
1675340
7431914
3681334
7075748
9497582
2310915
6333931
1429223
1992845
1741297
1596362
4169063
1643902
6256145
1603130
4701736
1654145
1776139
2517242
1553581
1904246
7082148
1854061
2205280
2364932
6643201
1670106
1109959
2120900
8932796
5201369
1481238
1378630
1640073
2452246
2168692
2930660
2232645
1147323
1133677
1349651
1192235
2132429
9603008
1361647
2261380
6436058
1719093
5434277
1634513
1657027
5750027
1979108
6661554
6082355
2126259
3600963
1525413
2177734
1413470
1163752
9792102
2109145
6034810
7194345
1853917
1439229
1836367
2469464
9656603
1232983
3958761
2541301
4368565
6271670
1956836
8075266
2281277
9065674
3348755
1369529
2127148
7536049
1405594
1137452
1793731
2323388
9702857
3824585
2248750
1867198
6950718
4657694
6332291
5408864
1584598
2385058
5007437
1589152
2044709
2099745
4921979
8652078
1164008
2614342
9582665
1577775
2171022
2427124
3075839
1618120
5959329
2408376
1895621
2416548
1046821
4748850
1163071
1012972
1786848
1845872
2091398
8886808
1300713
2291823
2076701
1286565
2000393
3398285
7827591
2211893
1397909
1214211
2298287
3308238
6605582
2310728
2044943
7808093
4347603
1951232
9607954
2516823
3288254
2005234
3861607
2090509
2074535
1126227
1724661
2300785
1581098
2454287
1992591
2280097
1880054
2237104
1074931
1138464
1558493
4070689
7523419
1865500
8739936
6360173
3918229
9173748
1009709
2196850
6177076
5290310
2449514
2467829
1188332
2752593
1539574
1963887
4986500
2004319
2029805
1939224
6753846
1246105
5080603
2493109
1018204
3207516
1989356
1156334
1375647
2368352
1893527
3218439
1746925
2005319
2322179
3595520
2233529
6094368
2268880
2045431
3647941
4215272
2502649
1187278
2332594
2402037
7715892
2287009
2054897
5767521
3874484
1927451
1536390
1309437
2132687
1564503
2124244
2289244
4940239
1951877
2253903
8522090
5136642
7783023
1381064
2827633
1474153
7346746
1587583
8449084
5560533
1825944
6111525
1540387
1777919
1860862
8005141
2047945
4066282
5051455
1786154
1875851
2059812
1520069
2226385
1266271
2059319
9707810
2227380
1659583
2511178
1358180
8899840
3857646
8118972
2104276
1306598
3134991
1600579
7052306
5220432
6579029
4690155
1598907
1917133
2007543
2024217
1668412
2535533
1962351
1197118
5942058
1115617
1423326
2239302
2233804
2392465
2141695
5899104
2021102
1912803
1690340
2976711
1432287
1100841
2092716
1816690
1412985
2892704
9268290
1172904
1877858
1091651
1576831
3283903
9678090
1276117
6757256
1715024
1931074
1230004
2346869
3711285
2069750
2259666
4198441
1277461
1413625
2732893
1327964
4706584
1389864
1969444
1515189
7717230
1452776
1154597
2250199
2292559
1970100
1219892
3632304
4058469
1605404
1417048
3349066
1047369
1763966
1404033
6451223
2680504
1998517
5990806
1844262
1192744
5254018
1157405
1411789
2169651
1410878
1032527
1200143
1233091
1830879
4074230
1128107
1860121
3238806
2173084
1474862
1509950
6902955
2147371
2037781
7621116
2221723
2218829
2046535
1151629
8510468
5712421
1747357
7199805
2264810
1460499
4592139
1381545
5743752
2490237
1879781
1845290
1849755
1778577
7737643
8554853
3632719
2082353
1728284
1524331
1282786
1713472
2520147
1869500
6863461
1291338
1774740
1095836
2053729
7015605
4726114
2297036
8664890
6303130
1591603
1910739
7624421
1227057
6726112
1581979
1161173
2526990
1519512
2034158
2545291
1746647
2692801
1701004
2004288
1842737
1325698
1501197
1742100
1193086
1396663
1048702
6550490
2110594
1745797
1799768
1788209
1350153
2195507
1459526
1844330
1635988
2387115
3320101
1833453
1927852
4976855
7869344
7863146
2424175
6594725
6955305
4888072
2087573
1703328
3022232
1900732
3892546
1792551
3214180
6973478
1626736
1199282
1309789
3253769
3069600
6723433
4748162
1783409
1491120
1902842
2463490
4629192
2045740
2401308
2043821
9742285
5352721
6256237
2381027
1004672
8214878
1146141
2367771
4623274
6292204
1741530
1522631
1773222
2189129
1485349
9004662
3944806
4344012
1601982
2707907
2086373
5376973
1402913
1670257
1429583
1080831
2192323
8431664
2480096
9694209
1444165
1021022
3706505
9907691
2490073
5107936
5936498
1985514
2179689
1334262
1306698
8106421
1627055
2304190
2176072
1730816
4088982
2325315
1693091
6665725
1589479
1937046
2022380
2543707
5758166
1767066
5851064
2486338
1265045
1605042
3814087
2455799
2435121
2960264
2930950
1751128
2097083
1638050
1484890
2410952
2243771
2500171
2245129
7590465
8435644
2230570
2250134
4233092
2209711
1167794
1288908
2156415
1857162
5660129
5864293
6422172
6150202
2138277
2293430
1242737
7694984
1421956
2153212
1250072
9894440
1508262
2502648
5707350
1416566
1523739
1997334
1191517
1940483
1567026
6832043
9433962
5389024
1382326
1621631
2122175
1187224
2274359
2503044
2003706
7052431
7567644
2445202
2231048
1457788
1759247
6405722
7141085
7120255
1434896
5896740
4914969
4920405
1412842
1050585
7396600
1407488
5892072
5871963
2406516
3577453
1823606
1501168
1808395
8290360
3432325
2329684
1444572
2258138
1057082
6574673
1571387
2425242
2774781
5649405
2531886
2371909
1422441
2428372
1640853
1764508
1529359
2158208
1587330
2343952
8650654
4511980
1544419
1578381
5945806
1790167
2501775
1701456
2460531
1837340
3401081
1027964
1755064
5980583
1536772
1720804
1471025
1131625
9582559
4140490
1680010
1913825
1426856
5275042
1918110
1503422
3297133
5773116
4859315
1567106
3520238
1088134
1953481
1045057
1916227
1570563
1379636
1304721
2031263
1556286
5618404
4147161
2507156
5486673
5546821
2086474
5947538
3497068
7605129
5567670
1998727
1833171
1414297
1363549
3622316
2396034
5880591
6243688
2046107
1890476
2115677
5119953
8435425
5949146
1648476
5578623
1527255
2521544
3910739
4876003
1986721
1543135
7354928
1712925
2282959
2056308
1312034
8466095
1329302
2400266
1547442
2219387
2164271
1792182
1932126
2052985
1354506
5866947
3816041
1167046
6946166
2033577
2054515
4488286
2427047
4270917
8154009
1686445
6387739
4300485
1354309
1669402
7372092
1383689
1522742
8673364
1881166
1475417
4281438
1339639
4196131
2081750
1936080
5874053
2430133
1363168
2312679
1257469
2242440
1591228
1599356
7942929
4358781
6026355
2149204
1925821
1336671
1365465
1236916
1296611
2501762
2255648
1689684
9778391
4064485
1878619
2114332
2229841
2710045
9679620
2512158
3921284
1563376
8573942
9477266
1925303
1864861
9477026
1580179
2246934
5895334
1801895
1996021
5698516
2125191
1515063
2480342
5537962
1946598
1574993
5605162
2018841
2442094
1304475
5273211
2361516
1666300
4933203
2274287
7345699
8337716
1488860
1298203
1254856
2164984
1786985
5187287
1268937
9313499
7534625
1653647
9613605
2117138
1297467
1055916
2086238
2206214
8848274
1716953
1983451
1470374
1406457
1184077
1491996
1202695
1284102
1837504
4566631
2155864
2105406
1640986
2144018
1616779
3006123
1824004
6378039
1789290
2355310
2041244
8539605
6353776
5701038
1611974
5148919
6467735
1113777
2114591
1660367
2069321
1376135
1155601
7762283
9960145
5816390
1785513
3019618
2061721
7383760
2088093
1892148
9815458
1992076
9089387
2293695
1830970
1323543
1156078
1275288
5434993
2283995
1735553
2632162
2355174
1441710
1384102
6388402
1822820
1847142
3993057
1549328
1719096
1276909
5755163
2150014
2358313
3482405
2394352
2141351
2145232
1706162
1849564
7371546
1865938
1495810
1191319
1858807
4500915
1382535
1516688
2039088
2006595
1366946
2112312
5000488
7107240
8872796
2067993
3285064
2751381
1749532
1544760
2020089
1780449
2101768
2856764
1749860
1591939
1451363
8192530
8358399
1288826
2604549
9610741
4798630
1589643
1400765
2518843
2373400
1771337
2202387
9650992
6958936
1783795
9853327
1652731
1414740
1834020
2053671
4548700
1979378
2174125
1575937
1662894
7195949
2049823
2498767
1560863
3326785
1415181
7325539
7660780
7770794
2538902
1591902
2147063
6427795
1571501
1050058
2097437
1389664
1055388
7664953
5731154
3830807
1562559
1505067
5216707
1104120
1879390
1854900
1430325
9435243
7292779
2933491
2199131
2355579
2218791
1464166
2204130
1641111
2105260
1615647
1974852
9280397
1103012
3672140
1860983
1899536
1236977
1970415
6424433
5508700
9670985
2481794
2026173
1821731
2167003
6916731
2172629
4047566
1620667
2097392
3068390
2511392
2435510
1255024
1645854
1952065
1374382
1382454
1589910
2271469
6102080
2533158
2206894
5177014
1606149
1627396
5429051
1976893
6400151
3072071
2528577
1229039
7573690
2017925
2719065
5576414
3834003
1319965
8200336
4625788
1205654
1271782
7144932
5366132
2838424
1840005
4941636
2033115
1109956
4770115
5315526
4542795
1782267
9849650
1656050
1114674
2072703
2221973
1200519
5566671
2251504
3673299
2418825
1504774
1347706
4796915
1173298
1800995
2381403
2108210
1520933
3170943
3353703
1605472
2100580
1674555
7358340
1825950
3242819
1859901
4791607
1917354
2059882
5908273
1571187
1644741
2051302
2218746
2069311
1941419
2267992
1012066
3018378
7976108
5932152
2109141
5245792
9817531
6125603
7761075
1369249
1976685
1237345
2030368
4388893
1549692
2344661
1848876
1803331
1538013
2113998
2161619
2233174
1338601
2378335
6735433
1894324
2742048
1614881
2058428
4816693
1905332
2369153
2009043
2345612
3280755
1949963
5315435
4428839
3810789
1515596
2042956
5137504
2088235
2150905
2331593
4653440
1846813
1608883
1471570
2664461
4630222
1381421
6994010
2147324
2174414
2018508
4284843
1374499
1714437
4038007
8066935
5827304
1729939
1587400
3896470
3805931
1633766
2359715
2509454
1744614
6425661
1224077
3168258
1792139
2145331
1880904
2315874
2884177
1289392
1326269
1371976
2382536
1351051
1222190
6810459
1709990
2197351
2106611
6318425
1974823
2379030
1541951
2039368
1422913
3711544
7365897
7582293
2343629
1610433
6979599
1572453
1683982
1663787
2288947
1278541
4216600
1612016
1273618
1266311
2069959
2299005
1603764
6533385
1735012
2060858
1631944
3395329
2307819
2922507
1710838
1843026
2056106
2464942
2402792
2197936
2230568
2627739
7612873
2148796
1886898
1670745
1952143
1058561
1887115
8191191
4604021
1373847
6265523
2160870
2008223
2275010
1473283
1309528
1262398
1567294
1844122
1457123
2054599
2107727
2094229
5783429
7549260
1695328
1556908
1948137
2187715
1235655
2104515
2426227
1660244
1356992
3272573
1005989
1915359
4712909
1035735
4747646
1268078
1695031
8740381
2411473
2121121
7610268
1981953
2040396
2405204
1523431
9161859
2057506
2242889
2079132
4637308
1774774
1777476
1976524
2405070
9953185
3280109
1789419
2130623
1223171
5137339
2197255
2049064
1328236
1115952
1436012
1826218
2389092
2094148
2391575
7099477
3406267
1689833
1965088
1418618
3696809
3916230
2123602
1407349
1185818
2350447
2137299
1475155
1310249
1409845
8454538
1640861
1575789
8522758
1119147
7702519
2039083
2022871
1455321
1161036
2468854
5603069
1260431
1063787
1685176
2375673
1511315
1872686
4317130
9553049
2190843
1263480
3838656
2080086
4842179
1682561
1419531
1022593
6622496
2536627
5845789
2294747
8845826
1513199
1589174
2014639
4608398
9142585
1619087
7591327
2001875
1174059
3468077
7208157
3817450
2338747
1304359
1222859
1439198
1372268
4838582
1391714
1945478
1400286
2084077
4103709
9043517
2173117
2426390
1633951
9149938
1106828
2182006
1334601
4528488
1971604
1861102
1081472
4879594
1567756
1770693
4072879
4178773
2511093
3260387
7857731
1774270
1254380
2130140
1840793
1286696
7597081
2104379
1982366
1360847
1285704
5014557
1816291
1200528
1776790
3812377
3132083
1209083
1842138
8198978
6073249
2497923
2171921
3950095
1601251
7506602
6984245
1236597
8481978
2098311
1191195
1729981
1256627
3800165
1581802
5243509
4877784
2449649
2056661
1198322
1937493
1236228
2433926
4868626
1991028
1330902
1429452
2687586
1416539
1561727
1530649
2196226
8534047
1394023
1421204
4114468
7239458
6532386
1460514
1807313
2145721
5451590
1695335
5236244
2270662
9895015
1988960
2430770
1431820
3469665
2323581
5697143
9546655
1286552
4066526
2320702
1709140
1102324
1044119
1022220
1629541
1201556
2867706
2341119
1600444
2210595
1610349
1948922
2515577
4757439
1226968
5662334
1034404
3797526
2533160
2362619
1285329
6962097
1099451
4821371
2360872
1844735
1787352
3716601
2400649
1825234
2376670
1728061
1632093
1446466
1556179
1365361
6117057
2541461
1176152
2115733
7318055
1777053
2267414
2515434
4625150
2539070
4888102
2374085
1390418
8001478
5336341
2523489
1796430
1473738
1836771
1861641
2803240
1184935
1581539
3215628
1569526
6980431
1841284
1237148
1587179
1250183
2129870
1405266
1674913
1464145
9387885
1378710
1394347
1419000
2637485
3356009
1618295
1529479
5665867
7931013
1142061
2017982
2497223
4750823
1107667
1282223
1561977
6983261
2099510
1221876
4506333
8458644
1235516
2052214
1313291
1748615
5971400
8098587
8098654
1932321
3369107
1875313
1449482
2282874
1813799
5655329
1566386
1274969
1983129
3545620
1784057
5177821
5661486
6011864
2173774
1282805
1794373
2430736
2140802
1538159
1587593
1657017
2338186
2377402
1550907
1295781
5134634
2268230
4954513
3530149
1592602
1446130
1744968
2193633
9738662
2920623
2427671
1871066
9744949
6698256
2360753
2400010
2390454
2055526
1302708
7086986
1086430
1457051
5405998
2527746
1444049
5645687
4251350
1586212
1111533
1520316
1887602
1209413
2491950
4704123
1109598
8486643
2507947
4458667
6832628
1971405
1396715
1372010
1698258
2010464
1601639
1965512
3570980
2129202
2366556
8155308
7367443
1376995
1649006
2482051
1043727
1412203
5884494
1893870
1021508
6792955
1591646
1679683
2137621
1652553
1367065
5974054
8706882
1352911
1019900
2081874
1324363
3642731
2025210
5411567
7561353
3462065
2101829
6724678
2370042
1331446
1008405
4527044
1858790
1856510
2098512
3408436
2439431
1677309
1753921
1923183
1450313
1973058
9384899
1895354
1009694
1892421
5539509
1236110
1873211
1738260
2217717
1818493
5444639
6463432
1403855
9570251
2036915
2064765
5932563
3311200
7466507
1468066
2238020
6147258
1341817
4857146
8480853
7799279
1607918
1712628
2406469
1972083
1082881
7242819
8474494
1600907
7151809
1200270
6060991
7024798
1223248
1183730
2302046
1719349
2833943
1472552
2105064
2008915
1013524
2356238
1897859
6439781
1029492
1675581
2089398
5198682
1161988
2382325
1082149
2176220
8573948
2006036
2194677
1681711
6847299
1611199
7463783
1651077
1616466
9714974
2411626
1980696
1679341
1138829
4533582
2493883
1978634
7964725
2247849
2220348
2129919
6869030
2354401
4265579
4138398
1504673
1551881
1404546
3260745
5828574
2301940
4461572
2092713
2049756
1399681
2927678
2368586
4706406
4091475
9038615
2249042
1704795
1689559
4481103
1478858
1858818
2514837
1531084
1886260
2055073
1911541
4565942
1975361
4390251
1373073
2182530
2231983
1917922
2425371
2068414
2177281
2486436
1654796
4033619
1439253
2540067
2228943
2237473
2127530
2313240
1539522
2681456
1398555
1367764
1057895
4175719
1512594
5794563
6903236
5205393
1643070
1731027
1371962
1132119
1328894
2065718
1688930
6002924
2512288
4739429
2468130
1820550
2143618
8185412
7588379
1902540
2069193
2272728
1153411
2859224
5747080
1065331
5486759
8694190
3077192
4431310
8134314
6095214
5822988
3355049
1962966
9783789
2375785
2300837
2410057
1373886
6529444
1549706
3198292
5477100
1065606
1478844
2676749
1099722
1470642
8130328
1738771
1373351
8164843
2198744
1672725
1366992
1981503
4799487
6058984
1635961
7027032
5341506
5449968
1481793
1041040
1617393
2284063
1626839
2035453
1996411
2294430
2077043
5970717
9692006
2396520
6732785
1778661
8492267
1377918
2518722
1570970
5451099
2153692
1989574
2159344
2437034
1357538
9150550
5995296
1529810
1175698
1517493
6638303
2251826
4590049
2182686
1969904
2052124
4336359
8793209
1467254
1285172
5086399
1840337
1997910
3700080
4075770
2157052
8290472
1471343
5821542
2037381
4134331
8156562
2238324
8582589
1689349
1804663
1971203
1638386
2461550
2061723
1035856
1249711
1918542
2208549
2271461
1435307
4855220
1781396
1888886
2046166
2185659
7171220
1975941
1841113
6676002
1515675
6093670
4618065
6423315
1901266
1793297
2414578
1360943
9252405
2023317
2602190
9814937
3072673
6386988
1741189
6998138
5992234
5531645
2148009
1975481
7319475
1386186
7704779
1219310
6292908
5760295
1592702
1516063
1773646
1640690
1832475
1915666
3264193
1470088
2185790
5812786
2156139
1144419
3968146
1318529
4467968
1876066
9828209
1785793
2133154
1008081
4791137
2252053
5682348
4106071
1694605
2342298
2421815
1751462
2472030
4356929
1043348
1764620
2331837
5781709
1609964
7825182
1584554
2064513
2996949
5296719
2263024
4714821
5770337
1046946
5764783
1516015
1956901
5885784
1512102
4544261
2053365
1291686
2837136
2050723
1973911
6566071
2139978
6527222
1535949
2179294
1863998
2296817
5340799
4533993
8127680
5422641
1633296
5478472
5005795
1202378
2239585
2080358
6450719
2242691
2262912
1408208
1594007
1916136
5186301
3935823
2151287
1329276
1554865
1260864
2371957
1738500
1704976
1054687
2096799
4391781
1238703
6751955
5020079
1955306
7900922
2483612
1166939
2506106
1122627
1753249
4196478
1871848
1835568
1461950
1958075
2064659
2019339
3369152
2027775
6449853
1546814
9280554
4982411
7569676
2128190
6180776
1979264
1795206
6876123
3507946
2100072
7476606
1192043
1620399
7518633
1345058
6143177
2650540
2142331
1210982
3085469
1774104
2545931
3845516
8361681
8558249
2415131
1350285
1664748
2606043
4492528
1419149
2752605
2103479
2249485
2244373
1884211
3814597
5541111
4871249
1908758
1726310
1795232
2084710
1752867
2812927
1520666
1748771
1890800
2371377
1348842
1901461
4323546
1854440
1905665
1752045
2021190
7104627
1386485
1497369
3075782
1877339
8086889
1371445
2120995
8624858
4251049
9477156
1667347
2168450
1737657
1499019
2302316
9634452
1331740
1563523
1395223
1222604
1333402
1385152
4491168
4205855
2069412
6488060
1291344
1594930
2248063
2111031
6333987
3621582
8910516
9496016
8065141
2001382
1420374
1187688
1648752
9575114
8456307
4465156
2206467
7765757
6311023
7143247
1682616
1855538
1802727
5964553
1693342
2308537
1604841
1779593
1504209
2489671
1209157
1638531
2394434
2480689
1535594
2013043
2023311
3505764
5264126
4305278
1298703
2451127
2047707
6564114
1414718
1945031
1980598
1266829
2109262
5809101
9402528
1595748
4050485
1577330
6751043
2050022
2473985
2259603
1241393
2208094
1107459
1308593
8777615
7484703
3391233
1956991
1951188
1693649
5668970
2109746
6776604
1281832
1547183
2150026
5789221
1843342
2006124
1786972
1398237
2355902
1381114
1080784
2488800
2104247
2054425
1902330
9541143
1176188
1310499
2189879
2294508
2367211
1865870
5513752
7267495
5395586
1586400
1999265
2247211
4536230
9204310
1718399
2432157
1603242
3763279
1472319
9989167
6949299
1765619
2781741
9923503
7576235
1225390
2148668
1759236
1148617
1488892
5333808
5575919
8945051
1749581
1038189
1188319
2122131
1376122
1574537
2302959
1999425
2510298
1479874
1609072
7848123
7295555
8918885
1109442
6277259
2287431
1947102
2397786
2024424
5188047
1594391
1815163
2225551
2525783
8712965
1158848
1086809
8466482
2534500
9831690
2531721
7727215
3350953
1854761
1059609
1744812
1196472
7305181
5282543
2056147
2528196
2382275
2257744
2337326
3795496
2309532
1409489
6980226
2077114
1620053
2116894
2021838
1064942
1696118
2041759
2873380
2409360
5844473
7347747
2276836
5781561
2042735
1644255
2216753
2195420
2274023
1134345
1511247
4040118
1946509
1593962
2201859
7621039
1268577
1954150
1872968
2502824
2445932
3440174
9654952
1208133
8759707
4656332
1886129
2012018
4884322
2210901
3668627
2495936
2149922
1904892
4709690
2108095
3976509
1232804
6105829
5661884
1613393
1438911
1686293
1793707
2223272
2332350
2195562
2066963
4782001
2448735
1173615
2852762
2031669
1270500
3921097
9071633
1566376
2558937
2047680
5790517
1699372
2287483
6573330
3410239
5759234
2093082
1379011
5562021
4581129
4490054
2397528
1947436
1464701
2463491
5264404
2032087
1259735
2002622
9035416
2238387
1653235
2176773
1960626
6219673
6917897
1098158
5136842
1168556
1576163
4317645
2003711
1347516
7198655
1751430
6357655
9736035
1363808
1832385
2192784
1011361
3529751
1837562
1208690
2235907
1982011
1562748
2267233
1813394
1775113
1300103
2376346
1553476
1967222
9493694
3559792
6493558
1281902
2022753
1782887
3005685
2094346
1286342
1309993
1875062
8159815
1178097
1183972
7089187
9895043
1499858
2424229
2067266
1182438
1280635
3689789
1447152
2441922
1190392
6302518
1144661
3225947
2057909
2507578
6524207
8676440
2053035
1880003
2543994
1683310
2137423
1105615
1800089
2528971
1644636
1839289
5112745
2284558
1739641
1674356
1495320
1817418
5044370
6569307
2332685
7034626
2424873
1746805
2106169
1047638
6913643
1798438
1544239
6451885
1006485
2053052
1578995
1127039
2136587
2939574
7383643
2093216
5922725
2271682
7429585
1690685
5708762
1907765
2153039
1285295
1879762
1080022
9935659
2041137
9245953
7046555
1414425
6113727
8723312
2228044
7475180
1572241
1967657
2528735
4172472
6305743
2071970
6102213
2121160
5423360
1912691
4086439
1251327
9111249
8969945
1840364
5079089
1319858
2401113
3880086
1832445
1555350
1774059
2055994
1852860
2472656
3005008
1726178
1727294
2511919
2522378
2519919
1456990
1448797
1037741
2003997
2597270
2285190
5767036
1463137
2230042
3111000
2228414
2071216
1524275
2180623
7568473
4451461
2973828
8935358
7280297
1381947
1038030
7557835
5246745
3867451
1299843
9923742
2027335
3149105
2182967
1225324
9956191
5538206
2152197
6807283
1241107
1257513
7101611
4341186
1931593
4801626
1570911
1050030
3161768
2476008
5572660
2026414
1636323
2147828
1612674
9238320
1902205
1204600
1113000
4175956
2308559
5584465
1345149
2322695
2132659
6302351
5842413
6276098
1774295
2493289
1880577
4832019
9505119
1184860
2451345
2072271
4693832
1311135
1953590
2221111
2164291
2542155
1647020
3966741
5767128
1920813
1646929
1619844
1679723
6385703
6032205
7789505
1111870
1648035
1365982
1256029
1325722
1846605
7640541
1156098
6433424
2444106
5926390
4276892
2398293
2076837
1842155
1647742
3715717
2464750
1645062
2277009
5175020
1445916
9757404
6596482
1860424
3991742
2057670
1288450
1911530
1776228
8496112
7006937
6656326
5243683
1966751
1187229
2203056
6783751
5578984
6809273
1304312
1613088
5329806
1235866
2269780
1557129
9390339
5479144
7645619
1364624
1294951
6917712
7430091
2494600
1827451
2513334
5342632
1804594
4295877
9703484
7597418
1792391
7660897
1649626
1779333
3015197
1853541
1479892
1252408
3474230
1073678
7673757
4188773
1098536
1000712
1018529
2023208
2120991
1029381
6740016
2681761
2428220
1569557
5327904
1572127
1972787
7410788
9921423
1843137
2203389
2358699
1108160
4828640
1670547
1752868
3783615
1169063
1576274
1550989
2185393
2401707
1370956
1762044
1188026
1605798
2779042
6686106
6051599
1087525
5200453
5482626
1362933
2522099
2411404
1040972
1241402
1952643
1877970
1919881
2854270
2169881
1763323
1840517
1599572
1487627
1168373
5916225
1679222
1065090
1618091
5695331
2504360
4572958
2761541
5967357
1483783
1976828
5955747
1958961
4897793
1736998
1821641
1430953
1354753
1548591
1709468
4501119
5936283
2065249
1321672
1975414
1311382
4471019
2535854
2228978
1775922
1313882
1607102
2096221
5330684
1600595
2610371
6811900
1677917
2256195
4099652
6189064
1978887
1277124
4922103
2105672
1979194
8832988
2028508
7295327
1621427
2851945
4760249
1821313
1044542
4978584
8193452
1244075
3299663
1532732
1387655
1765649
2415324
7018979
1352177
1278067
1257270
2168907
2413224
9780936
1967129
2060290
1006334
2409285
2159565
3620186
3095299
6744715
2043192
1238547
1059917
1121762
6305316
1745239
1231660
1104249
1377621
2052679
1558414
9043481
1819662
3810560
1951080
1403145
4995231
4554489
1292455
1079280
2286804
3832338
5177277
2116344
1526809
9556412
1351083
8566202
2130639
2270854
2467753
6121267
5912824
1234375
1043028
6783272
3836526
1372478
5443910
1013037
1617042
5346235
1040439
1860380
1563604
1810384
1719603
1956504
1402952
1327944
2192456
2297070
7551040
2455583
6437559
2572049
5622802
2282903
2178283
6030662
1845489
1201523
2485242
6764635
1331680
2202246
3551653
6324770
1360479
2406526
5181150
9036466
1546588
2641300
2362185
1570285
9818869
1951499
5851058
6781321
2417620
1925626
4720852
1733096
1632894
1433161
7039129
1990223
2536267
5537959
2523849
3323788
2076952
1618981
1280619
2230170
4021188
2172585
1855170
1096922
1604157
1472325
2418620
8647966
1948322
5549808
1620825
1585645
2417814
1934209
6432973
1364192
2442835
7240050
3705126
1274371
8457973
2003075
1801390
1472600
1320153
2042482
9345823
1530759
5126483
1336833
1692447
1767170
1773837
1701690
2127175
4927549
2056090
1833756
6113150
1305143
1874814
2221929
5834510
1239573
2449570
1874075
1311421
2017075
2005948
5776330
1668525
7344495
1505319
6343137
1777474
5976664
1604074
6502393
5022537
1678124
2088490
2918739
2453593
6710654
2025414
1400665
2085511
4436413
1384075
6455553
2128732
1036744
5163905
4123294
4074976
2200048
1244193
5989049
3736871
1097495
2161789
5613798
1530515
2036691
1422385
1665219
1832864
6600371
4276101
1654186
8356099
2545624
9814893
1366622
6917518
7860392
3676417
1517408
2007449
1684258
1644714
2334908
3707424
1267827
1421960
1543200
2056723
9099070
1527408
1484611
2381068
1420837
2257188
1621193
4284509
2441818
2830415
1140431
5872167
1313920
2039905
9496960
6467272
4970082
1957168
4906166
1779288
1072090
6093885
7297704
7479468
1231840
1426542
1346858
2960431
7756745
2077556
1152551
1210125
4524293
2371082
2955692
1018552
2219027
1277209
5020187
9658702
1695552
4235741
1729988
2104144
3907113
1481007
9203916
1291060
1270162
2468554
2192794
2327981
2207896
2064776
1126763
1588644
2021500
1673084
3516893
2028609
2184895
2523090
1778522
1014646
1334368
1907271
1676390
5483569
1238715
2088551
2396670
7442260
1953208
1064379
1369053
2987524
8260895
8371578
3785306
1733821
1744783
1279676
1475083
8206021
1808214
2091284
2000120
1832690
1536555
4783368
7583537
2399427
1009154
1950702
3814842
1678350
5140044
2278690
2569724
2035875
1515585
1430350
2321046
2538995
9016069
1588633
5027326
1558838
2101643
6098825
9514181
1745179
1548617
8732290
2228216
5884216
2253492
4394538
1461493
7477848
3794853
2051192
1865316
8354065
1549994
1200224
2125959
1801834
4972057
1607710
1483450
1213944
1806665
1854184
2066184
1330580
1340721
6377190
1327517
8972673
3513210
2512587
3953964
1263882
8774861
2312081
1646410
1197256
1084318
1339147
1544402
1531662
6826705
1900648
1446232
1845412
1371515
4398112
2241059
2517634
5595655
2399635
3780519
2522565
1860328
1233706
1024511
2119621
2271973
1565324
2436700
2263941
1654894
2354745
6136355
5072603
6771731
1276706
1752588
4534164
2471325
7077596
2549109
7262241
1506385
7747523
4643479
1662495
5552099
1560637
2224140
2176655
2384385
6687381
3666198
1418027
1718678
2080071
7801846
2056953
6556720
2487724
1713195
8194531
1410317
8113404
1807530
2262733
3442073
1487045
2014766
1635849
7558387
2070533
6668844
2189318
5445791
1526483
1928935
2076863
1342430
4663709
1315030
1736882
4885027
1499649
5624577
1924670
4683557
1371426
1154488
3812055
3183719
1501193
7803577
2129196
1081313
1811430
6643342
4692639
5776837
1695356
2182883
1956414
1305597
1251245
2313359
3403787
1670295
2034703
2156283
2351235
1551239
2347802
3791910
1549635
2366130
1428908
1089501
3786702
1455822
1168079
1746458
2023929
1297109
3064216
1661837
2053504
1456113
2119105
4075414
1247785
2242676
5953592
1867446
1453413
1309083
6035342
2516445
2296084
7510940
2079679
9414531
1958148
1370741
2103981
1231775
1211256
8524356
1273611
1613964
2132030
5764875
4983983
2262004
1930649
1528305
1643364
5951952
1699275
1286458
1244927
2115014
4878383
1296332
2169408
8606925
1819085
4632219
2146020
4662166
1692222
3677574
1730922
1347970
2151532
6356576
4204105
1595579
2487611
2367992
1587599
6478028
6561969
1371222
5886049
1949636
2413821
1358958
2056354
3165787
8934258
5999063
3358435
3917586
5133728
2488033
1533927
1145719
2428316
4641159
2544880
9181089
5456726
7434454
2110786
2503704
5659738
5739499
2299935
1340381
3197099
1261150
7924843
2548066
5329358
1551544
2473612
1725234
2217592
2193814
1044467
2233025
2168658
2081120
6407122
1020470
2923160
2306698
1997500
1517293
1559385
1680675
6572822
1565782
8440279
2204460
2066515
9767946
8509868
7860698
1710420
2024772
2285438
2026656
1191789
4395977
1966624
1348116
1723290
1432258
1503388
1780792
9149624
7668035
2729502
2689050
3592944
2201940
1751386
2258447
9919557
1926791
7061932
1570180
2076070
3668698
2239042
1643678
1325292
5270545
2532077
1847227
2422918
4622366
1384258
1952135
2072484
2090327
2016799
2072753
1108759
2122773
2042082
1979339
2604462
1051401
5605079
3746983
1225876
6979282
5381733
9780760
1113567
1397124
1248249
2100163
2027567
8030238
2044550
1819366
4435859
1956047
2909375
2111822
1705688
2008858
5208085
1988356
1892949
1774148
1992942
3686102
2149597
1620527
3681733
1161804
1911850
2467496
2398654
1239142
1597567
8201884
1196865
2515969
1821640
1860997
1869583
2134916
1886337
1312607
1791286
1844822
1376054
1967483
1735150
2011203
2066819
2089674
2161078
1060045
8561129
3736698
1992055
2696926
1407649
2084836
1929404
1086922
6215866
1080643
2172335
1285691
2051625
1224090
1174764
2045741
2122968
1532384
3643359
2020466
6813517
2466008
1213870
1362888
4394788
5151248
1889822
3183637
1880946
2254593
1538167
1892609
2043126
1059188
1565397
1545887
2016644
2680709
5695130
2185460
8136578
6367822
1828976
1740672
2083262
5994242
1036129
1162126
1625046
1891222
2160424
2527004
2110424
1364100
1597060
1684125
6476764
5026259
1487559
2749747
2955250
1785657
2625082
1995945
4955799
1124430
6886929
5012329
1848475
1288517
1385224
2274877
2166252
1277163
1936397
2966393
1463726
6039638
4343767
3554794
7441543
5722478
6770219
1352364
1981845
2199969
1734416
2389861
2305501
2907076
5754458
6446246
3615359
2297545
6018801
2521699
1663180
1650640
1990238
1196651
5558106
2167394
4009481
1592399
1728950
2277909
2129211
2294389
1374022
2102885
4964702
2300652
1648209
2065983
4635675
1240446
1538686
7331438
1681189
1257987
4529850
2572774
1506427
1771503
2557892
3927748
1381273
1256898
1966528
1592198
1572850
1963654
2014489
1001981
1910924
1640933
1470124
5053385
2346222
2503356
1086847
1590424
1512866
2253696
2818266
1129772
4576774
9681086
1274769
1033665
1952429
4742969
1319085
1234263
2121811
9134353
2363046
2351251
1887514
1059271
5553513
2034440
1742793
8128846
1510957
3452200
1224129
1439194
3486067
3957445
4260750
1687299
2150488
1611136
1921643
1634844
3622910
1700292
1554960
2273333
2351075
2427677
2093938
2122181
1137717
1288588
1537237
2016767
5705646
1013097
9055400
5899797
1932019
1935038
2343731
1728556
6699701
7302013
1410990
8131779
1843196
7956999
4548470
1822040
2084788
8754571
2146365
1362127
1108326
1040709
1863189
6549121
1977788
6420368
7307613
3876669
1706839
8314011
3369404
1916781
1141977
6319052
1421850
1537253
1480178
1591431
1739886
6635494
3331805
1797704
7370593
5007073
1846092
9342131
2426647
6965950
1630300
1098538
9876113
2219170
2225095
1771069
1603627
2417431
3371033
1210487
6580677
1846103
5116371
6991326
8439405
5700144
1751609
4452343
1075181
2027844
2261378
1262313
2341595
1539731
7293514
1307191
2009530
1909395
2153829
4803922
1597990
1090018
1427269
1189852
2296992
2482715
2200928
2301738
2471160
5677328
2174129
2392508
9213319
4188869
1959866
8626190
7049048
1858156
2482657
2031337
2346296
1905765
4469073
1942115
1647152
1970622
1247549
2787604
6492320
3186994
1637495
7454616
1559538
1058649
2223937
1963376
2154818
1479977
2061287
1915155
1126252
2040770
3522236
5109372
2307212
2699779
2068226
1607635
6964430
1933858
2173933
7977506
2636855
2152687
7346725
1911575
4718197
2249120
7761628
4604399
1373292
1759163
2295494
1089296
2270359
1269824
2127024
1500875
8678813
9856022
3279193
7619237
2132984
1233512
2190313
9144527
4579309
8845548
8143652
1200611
7649002
5274469
4398849
1353320
1583051
2357618
5704665
1839042
1596355
2526644
1194527
9066753
3882310
1772556
5939379
2502485
1745835
1360493
1385288
2418966
9424230
1647774
2454678
1200253
2160593
1894022
2717403
3804237
1036371
3891970
1843016
1326703
1335107
1901930
2028356
6232637
5808947
5102845
5080594
1963443
2188740
2346852
1469605
1756232
7312070
1067373
1877681
2386188
2084007
7393442
2271249
1509502
2112950
2091564
2458175
1029208
3462199
1395431
1976481
7588436
2519696
4401730
1044469
1232638
1946042
1989201
1241007
4211841
5627482
5674423
8010139
2110241
2197516
2015477
9185681
2484319
2262472
1223654
1911890
2461310
1302148
2150133
2000505
2727420
1612897
4311556
6685768
5951724
1759158
1601753
1548219
2371493
1674326
1867902
1018668
8908603
1341709
2511438
2097219
1610854
2472130
1885787
1012313
5421575
5840768
2357975
1826839
1674265
1830541
4779836
1775125
5967281
3153250
1928535
1748964
1887356
2165408
9837924
1295112
1990786
4299867
5843752
2486305
1134742
9306675
1250923
1265959
6535760
9715817
1297965
1823672
1033092
2071862
1842191
2019908
2130370
1793931
7715863
2438256
6613950
2032230
1809899
2164949
1886563
9199262
7693799
2252986
5066813
4646066
1436878
8783936
3277847
2117708
1523600
2324293
4929144
5710361
1738858
2012669
1687121
2515781
2374721
1180031
1992583
1790520
7255138
8388715
3657179
2150043
1130817
1988635
5374908
1788481
6795057
2989406
5604974
2415321
1651146
1742188
5124204
5583298
8860108
2470047
2464162
7160750
1887295
2831844
1258740
1040982
2196896
5419987
3426621
5610729
1521305
1978149
5616890
1817599
3490481
2558905
2008786
1507464
4078386
3528958
9232520
4015300
1624391
2545595
6419779
1585475
3171649
1345325
1169102
1216613
9624319
1670997
1144665
1974019
1924659
2503464
5355916
6993342
1611792
2118705
2303536
1679733
1120260
1946662
6216561
2337954
4134121
2340146
1640300
2487205
2065972
1359092
1682898
5814293
2109821
1748585
7750159
6222139
1562318
5234357
1621242
1649837
4382539
3145714
2251935
2056843
1518827
1439721
5282555
1839591
2140308
1587435
2022699
2802000
2041510
5591621
1437149
6248541
1200660
2104764
3176936
1922333
2160340
6808560
2052037
2047254
3113289
1696216
1759230
3566348
2052098
1354251
1777934
1335549
1930321
7996568
2225330
6840800
1373418
2262245
9160444
3666393
2327495
1993822
6713690
1200827
2092356
1551252
5843105
1282677
5733935
4811822
1675652
4675526
1802179
4753213
3943702
6100597
1635039
5001383
2477754
2353293
8657739
2008142
2361590
2402169
1680028
1268155
6637488
4341466
1924639
4376240
1337786
8989685
5023360
1914051
2483729
2015027
6475041
5119532
9413842
2174765
1487893
5766188
2049188
1174921
7026594
1695517
1770181
1440802
9085706
1782348
2206758
2004258
1259663
1719067
1390138
1417413
1540070
2061654
2961099
8141412
3772522
1893478
2377157
1463021
1410953
4172775
1593834
2206182
2023937
1712611
1538248
2315984
6783514
2435200
2214369
9799287
6068308
9686592
1398147
1918975
4454279
1691768
1697129
1768967
8896813
7418582
6536824
5013353
1524247
2414210
1438173
2030232
1628367
1885341
1744874
4300174
3293253
2168556
1929374
1805163
2441312
1510146
2394124
1069082
2171405
4548089
1875638
6122259
1462156
1767842
2282156
1244058
2465541
7423188
1058798
6353743
5650224
1862689
4683534
7295541
1198160
1412055
2325135
8654772
2307064
4179148
2217377
1427306
2630668
2129529
2373327
3091830
2323238
4745328
4156614
1406049
2410432
1254616
2055173
1794915
8727611
1902400
3963778
4768065
2160836
1830554
1522201
2309645
2406608
2215555
2133109
7365163
1570833
1695757
2314455
1931381
1021212
2812410
4781366
4851972
4974634
1391414
9149131
1415490
7573930
1695169
3639576
5821583
2473531
6260741
1249062
2446890
2403691
1761567
4720278
4260630
1639920
1608504
2430609
2827055
2008290
1111323
8632610
2035388
1552543
1604142
8614636
1428727
1040676
1843950
2374179
9370324
7469641
5464447
1217380
1575254
2393607
3176060
1272246
1645301
3377881
1389975
2388043
1255991
1595770
1480780
7048165
2273858
2057234
2436685
5934283
1383158
5112381
1723724
1401078
1638980
3097990
1712386
2473695
1566513
1708214
7791800
5502002
1363889
6187121
2239760
1567148
1023331
2023300
1009599
1860071
7351128
6558221
6190472
2979120
2930068
3929628
1292286
1050443
2372121
1702104
1408683
1524660
1412293
2901701
2422168
8566379
2035879
1150587
1723277
7907943
2007868
2449975
2136835
1864268
1272221
2493419
1604086
1341212
3264420
1397269
7592514
1763203
3391411
3706463
1420414
2250866
5383304
1336796
5169414
4921144
1478891
2026504
1965663
1784437
1283837
1755334
2532181
5471013
8271417
2516687
1479549
2237878
2353467
3723698
2542593
1270340
2201137
1045232
1184272
2083289
2063351
1612422
2122924
2526570
1311205
1472564
1493872
1967585
2190724
2005660
1142894
4395025
1666973
2599851
3663941
1321609
4311117
1776178
4433305
3381221
1757501
1853507
2276667
1869921
1127326
1851181
7257036
1875238
1780462
9073019
1220421
2035143
9569650
2654512
9211701
2067503
1732190
1229745
9195554
1649294
3581806
2386427
5019999
1692893
1336908
6590359
2211981
4224739
4437529
1846385
1217460
1794595
1050818
2477579
1903465
3385991
1895591
1304635
7048666
5417438
5437823
1005900
2087858
5383154
1478316
2532142
1154560
1733538
3026078
1493895
1907366
1147842
1417515
8052231
6049130
4576853
2575964
7574380
4073667
1535443
7319787
5340980
1772135
1288518
1376333
2079203
1742619
7554575
4589832
1353674
1627331
1424952
1754971
1781137
6107576
9857634
2399684
6542003
9919949
1028140
1906379
7612080
9878240
1376940
1586512
1990736
5536346
1400726
6463898
2152008
1873241
2358340
1773571
2054812
7075163
2138554
1368248
5671028
4689355
4936091
1386653
2353756
1611012
4935093
2014447
7071297
1410086
1400772
6686370
1087020
3690997
2126309
1549122
2538215
1288966
2222800
2727932
2513208
1347555
1697229
4010857
1310124
2099974
5430479
2125535
4641327
2494272
6329129
1847350
2039174
2137509
2187887
5852190
1857329
7439280
1847041
1946592
2228104
1603069
4029467
2518378
2264533
1719626
2542371
5660303
7087948
1788643
2413948
1266330
7483790
6754162
2556609
1041644
1898375
1703321
9390384
6416489
1666471
1719611
1385124
2346103
1630675
7028669
2169183
1430867
7513094
1653413
2189365
1370261
1065373
5999703
4453563
6231041
1869702
2319135
1758222
1619658
6839745
2416343
1722568
1863684
1798028
1159317
1718984
1945942
1720707
2034550
8124719
1977299
8712877
2005943
1147922
1208521
2868010
7159256
2148631
6154322
1696509
5142182
1586300
2306235
1336013
1867761
2202667
1791194
1879186
1720235
5895840
1656757
1380507
5898231
2014742
2133657
7173010
6895986
2092078
3634659
2095088
1080933
7629863
8268511
1570692
7734289
1322396
2173612
1517850
2442322
1690065
2096941
1545642
1936692
3227904
2534244
1627267
2927107
6412394
3390935
2504655
2547049
1962945
4072561
1274068
2069092
1826257
2750188
6567729
5140268
1820886
1199851
2092176
1329142
3647132
1434372
2368938
2172667
1431399
2206747
2113932
1191047
8638114
2266490
1278955
5865092
6290413
3804313
1350667
1908514
1110175
1542035
9462261
2085220
1376819
2389532
6106299
1365482
2504395
3174534
2033334
3611139
4606224
2024796
1543955
1101641
7662417
2115138
3893243
2146880
2196628
4742317
2096854
1392557
8127599
1684364
8389164
1662547
1170233
4611158
1084207
4966080
7809167
1582893
4215537
9749166
2353995
1530340
5029683
1409804
2367613
7109424
1692598
1467289
2161335
1772404
9518357
1997831
4485028
4801274
1406604
1811986
2429575
8875358
2439290
1361540
1606943
1650471
2154481
3817224
1963590
5772386
1413413
5696782
1561739
3056306
1177748
2199253
1551957
3895131
2102352
2524358
2149443
8185648
1784427
1094160
1635220
2121368
1784733
9106354
5373042
2293721
1825528
2398340
1365670
2355049
5576857
2116137
1447781
2502900
1613891
1727315
8765382
2010954
2219563
4209636
5472444
1844202
1819545
3748715
5401328
1723281
4348806
1017623
9090151
8985921
2244918
9549104
2222875
5209166
1707735
1678631
2060266
8405006
2080817
1281920
2105617
6229276
2681846
2049281
5885182
1164145
5796841
7353430
4170229
2064745
2369357
2097171
9456765
9911433
1934014
1719654
1551413
1216100
2426875
1835127
1232515
8226635
7552955
1930866
1572544
1336141
9222641
7235676
1650488
6133193
1597362
6933970
3978593
9503266
2451751
2016735
4259761
2309057
6182035
1500904
3747344
2018731
3960016
6990832
2434790
5028829
1706508
1457326
5550593
2412163
4760529
1901919
9867388
2091188
3579426
2209496
2404917
1302295
2247669
2073081
1102887
1205277
1173758
2547604
2223197
1852383
1029783
3826927
1137743
2143329
1869884
5534269
1751868
6656348
5204114
4222668
1257029
1300964
2150579
6928920
2542404
1272778
6582697
2352104
5272125
4535083
1705473
1569067
9911168
2494612
2449445
1432615
1042968
2065721
4566314
4641605
2126068
8152273
9346516
1195724
1438147
1836851
1639361
2198317
9419793
1600891
8760257
1673037
2401133
5018927
1813711
2491860
2379881
5159616
4957772
6301986
7605116
1771589
1504485
1567171
1272868
5606715
1226611
2094143
2028893
2534159
1616724
2940628
9966807
2198577
8598702
2148201
2262836
1169714
1451887
3573149
4410791
2064259
2271131
2176255
1558813
2087935
2239132
8800377
1587231
1455659
1890175
2504917
6135899
1969083
4388552
1286525
5432342
1188086
7653167
4438972
1858365
1989489
1706906
2157525
2357332
2373365
2213413
1780651
2215375
5665250
1871633
1655718
1241621
2283067
1764308
8553610
1989613
6482580
1875863
1839082
6061336
5172014
7675222
3920620
1414871
2006654
1795155
7188605
1128093
2212132
2184207
1083790
1197853
2249500
2042773
2132338
5031543
2175307
5048444
4592217
1777155
5289153
7238450
5082764
4329379
2183696
9741074
1628971
1990006
2099431
1277533
1277654
1489130
1902545
1917291
2066978
2481477
8965572
8698165
6013197
2047923
1423016
5690266
2522170
3480675
3890922
5858422
2506433
7527439
1622440
2499260
4233309
9486241
1907327
1672531
2084566
1845781
3768302
7125693
1397960
2548339
1468415
9017743
2428361
7019860
2504921
1980123
1514045
2582772
5361199
1385497
4134247
7874740
1245631
4129680
6450522
2382541
1753980
2124557
1902407
1299771
1284208
1156597
5295773
2017477
1084987
6253309
2215061
1298973
2635530
1185345
1324986
2550142
1858800
1930021
1295472
1184172
2327821
2026570
1177409
8706901
1757164
9442429
2111809
1039807
2342305
2520710
2372198
1305631
5430004
1794829
1399217
2030704
1857635
2169979
5302603
1304510
5709639
1045868
5062580
2093489
1909004
5087036
7623237
1830952
7232778
1373010
7377084
8602681
7174221
1823138
2113126
7983877
1932633
2144865
1515491
8298468
3661938
1832286
4003850
1628766
1369251
2343415
1889961
1824797
5364951
3949204
1586060
5547717
1715338
4873586
6038008
5600213
5849427
1446584
1429521
2433276
1749015
1684289
1557307
5115225
1511118
1406291
8104235
1206318
3932173
1400973
1938953
2351652
3050205
1344503
2232819
7026798
1869996
7270790
4622755
4650903
1620968
2101842
4769940
2912169
9762823
4706965
2317460
1973641
7781854
1321438
1025022
3558718
1344458
7548637
1796426
1133782
1611678
1754360
1646057
3019070
1192303
5324954
1565796
1727140
2291516
6632038
8932156
1381380
1138172
1959625
7367607
1239405
1480987
9069673
9148558
1907213
1751520
2359899
7527849
8471672
9994821
1254012
1389691
4758017
4465813
1279352
1252399
5011003
2705877
2377337
6503928
1380685
5336198
1153637
8973035
1658313
1523588
1470136
1726795
3027752
1198005
2821273
1151497
2134071
2350887
1766118
1656371
2256191
1878088
1558277
5625784
8757457
6545742
4487808
5500337
1304592
4433116
9083826
1635024
2197384
2156982
1641338
3785149
2100727
2459012
2027801
7221903
1018336
2083129
2225223
8325097
1338392
2843080
1379696
4978808
4503892
2097325
2240555
7773245
2036502
2256281
1977277
2065020
2125033
7860770
1575953
6235926
2019652
8871381
1493047
2267961
5557013
2520509
1810731
1655412
1969776
1582814
6380966
5996635
4702224
2152353
5539800
6337095
6786927
1537425
1726853
1657825
1243281
1774368
1998655
3587354
1309160
2226040
3898279
1695532
1278387
1445287
2013873
1242068
2170282
4632441
1916736
1521830
2504733
1487102
2000172
9401290
1934989
7679806
2202649
1747469
2104294
1761582
2026000
1480870
4047434
1410893
4522009
2096106
2034843
1227866
3116251
2674613
9061101
7388450
2455280
1634628
1561402
2394701
1692887
6697210
2401149
8571279
9441703
9784512
1457424
1358521
1045970
1088821
2177586
1693254
5893779
8703302
6558155
2480644
4841049
6033306
5988076
1318671
2122831
1829103
2164890
1860633
1815464
7226156
1371460
6303548
2107972
1503146
1554363
4770265
3484464
9288828
1170003
2021275
1863186
7476238
1288321
5446442
2004679
1441724
2140758
1583359
2548677
5420431
2159474
1621864
1601208
1979085
1463989
2093586
1273097
2438737
1360601
8989060
2194967
1834610
1401653
3613132
1725325
1759474
1407491
2342916
3248577
6059175
1879555
1820018
3770271
1847459
5223361
1687805
1488588
1648310
1613971
4336559
5257914
4102768
3838622
2348080
7525428
2491229
6551417
1537265
6704698
2436443
2474893
7956938
2419289
1749993
1454140
1410346
1896058
1213423
7803030
6079312
8104359
1227031
1679019
9535435
2125927
1138758
4348622
5771051
2879300
2451713
6877639
1653668
2240052
1431112
2102066
1495454
5769895
2026078
1553768
5662077
1940388
3710557
8530282
2428899
2392498
3638039
2995135
6072439
1250823
1932351
1721140
3160764
5355766
1236115
1532756
2506831
5573918
1138099
8811164
2377151
2330548
5424201
1576503
8358189
6938063
2032250
6551630
4912694
1808416
2979661
2510077
1102027
4816327
1460429
1007104
1054496
6663822
3660370
2126027
5164114
9104244
7636893
2214052
9765920
1609074
7477125
2033701
1966943
1252837
1745675
1434995
1783001
1556713
1286425
5436910
2237057
3794741
7339093
1635073
2325342
6773795
1065689
6060949
2101500
1183027
8289508
1424411
2213901
1642793
2097775
3714526
1895663
6129710
1155349
1996159
1837849
5886242
1103576
3159050
4289535
3473725
1229190
4337858
1600129
8122252
1091019
2086331
2506515
1815616
1710228
5459396
1287379
1221985
1706828
2146097
2278700
9943561
7351262
1706517
1597914
1578915
2551644
2116433
2023369
1547294
1781506
2646631
1194156
2203595
1271136
7418645
2114334
1045216
5151160
2503050
1146107
1315311
1999041
3167203
1879156
6776574
1927975
1417431
1377417
8292023
1415866
2039675
6025323
1190511
6066959
1566366
1858479
2514462
2252831
1016553
2086836
3038436
2432301
2248893
2154352
1408600
1033111
1391299
4043605
4368852
1887235
2472252
9133821
9968777
1264517
2050709
4799705
2300038
2491138
3338271
8049867
1312837
3129743
9705976
4939774
3406871
2458943
2256181
5625153
1673991
2304646
1362531
6269897
2164502
7309877
2048177
1640322
4075142
1060759
1886808
4888745
2500253
5547098
2032987
1399621
1085243
7469328
8036066
2493810
1673918
1126420
4972265
1507101
4244169
1728509
1382203
3734762
9681862
1995619
1328876
1318033
3935926
1883365
1012460
8038212
7304115
5739215
1429344
6201413
1519080
1066969
5934375
1686847
1739772
2502654
1023405
6655388
1450107
5496637
2191380
1335090
9139612
5685608
1391847
5871614
2032977
1499097
9712713
1309159
5147977
4260200
2311984
1641699
6049955
2123819
2041977
1174912
2022504
1030006
4123768
2030790
2097183
2118219
4454610
1231750
2181597
6490655
2137570
2204469
1186963
2535367
1085154
2331620
2190125
2230143
1638072
1794333
1237731
1751981
2317203
2463100
2239240
1624147
4150820
1746835
1380168
1646190
6935529
2114897
2228804
2127417
2352976
1987948
6448963
2721999
1551579
2430782
1227453
1560461
1994904
1904510
2131132
1256788
8802534
2485542
1782499
1428637
6644380
2234827
1838336
2392479
1568278
1745218
1933279
2711644
6013100
2164637
2105900
4889907
1537008
1433708
2992182
2391618
1451225
1960516
5723965
9868121
1339488
8639055
2531684
4013137
1903362
5000223
1977663
2128706
2160389
6531094
3102034
1297557
5480021
6953700
1331990
2454101
2334680
2033462
1895561
1729999
1825802
1091317
1230563
1582167
2017707
2222562
2100747
1230784
2164738
1357878
1249109
1207282
2040635
1211456
2058176
1143476
1385924
4209325
2271367
1789698
1303409
1302317
1332892
6640920
1292812
2051640
1704175
1135183
9820964
2145421
2406829
2521232
3546685
6064753
2814627
1767534
4031241
9196729
2323337
1389348
1986264
9432249
1357529
1521662
1004609
5217719
1450452
1274770
1869418
1255630
4346710
2732811
1075211
3837620
2140428
1358791
8011786
1931223
7576881
2410557
1783583
1798402
1387906
6526276
1451578
1388489
1796547
1813193
1513278
1254929
5066796
5702368
1368037
2426523
5570400
1755680
2103823
2317669
3530476
2478228
7952864
1980009
1184636
1852436
1962655
1366658
5649770
1104843
2503507
8485924
2271485
2520242
5358934
1318314
3591605
2187003
1172442
1588459
1873199
3725751
2262022
1643833
1244330
1688182
2272692
2104793
9422350
1983298
2138440
8530007
6650822
2537072
1885169
1257066
2677386
1208676
4314308
2241451
2520279
4929140
7424082
2566473
1258102
4330767
4292111
4101005
2126904
1306137
2093846
2090880
2175904
2108495
1298255
2005758
9290463
4258180
1203344
2043751
3892578
1189184
1875891
1505642
1520152
1093839
2234623
4630057
1781860
1733825
2036990
6111544
1667268
1853268
4752840
1973654
1775608
4886983
1543945
1676707
5327083
1109637
1948295
8342047
1593581
1673021
1084982
2267833
8312632
1592300
1275897
2161152
1318815
8488436
2553789
2101614
1696703
1856896
5911346
4726497
2483654
2086743
9895792
2055961
1777262
7310848
4362895
1992941
3865611
2378370
2511281
2042569
6575872
8277824
1252525
1914802
6669157
1594989
2524975
1211003
4471733
6351040
1629154
2987116
1957211
2452923
2642158
1861547
2039021
5959538
1596022
1164355
2263101
4026911
1725150
2916375
1360711
6561872
1627174
1679525
2516563
6935987
7015712
4557299
6492116
1940083
2119297
1858685
1646029
1670770
7311625
1180175
6079214
1450837
2423328
5902462
6562724
2228190
9802776
2985551
4799549
4115967
7317538
1931235
2264379
8081141
8466650
8648889
4264656
2322370
2828666
2273896
5905929
5021799
1658242
2025016
4156935
1276388
2202077
1953729
8383267
2036707
4472378
1991452
4963007
1425947
1059207
3524424
1053567
1883837
1718706
1294645
2998409
2326294
1516980
1368307
2485583
3184634
1995009
9420520
3364298
1487651
2351476
2430176
1610142
2706053
4743240
2789998
1680127
1728594
5797097
1370636
6912768
1642686
1447446
5468487
2210966
2303614
1627673
1044167
1364586
5874513
1729172
1097168
5764551
1066621
8880206
6674648
1283885
1714208
2456548
2247559
1722566
1268624
1218043
7298766
5913364
2371697
1145325
3541802
5765240
2327892
1358806
6353495
1020450
1250979
1264529
4716917
4802070
2306650
5432637
1269225
1313774
2380366
2067847
7726463
8899598
2398808
2413927
1167740
1809327
2487665
2256622
4717485
2476000
1698366
3911486
1426898
1107325
1874752
2846635
5553125
2380512
1926886
4545861
1296898
1888144
1297916
1604617
6029478
7995661
4149733
1765915
1695780
2481747
1726580
2546515
7490789
7264646
1080765
6373426
5591047
1646743
1660511
1592397
4299787
8652218
1898281
2342027
6577581
7542404
2215608
1338552
2014786
4886851
1103406
1697698
1145425
2387520
1977031
5953411
1618582
1276497
3026680
6937159
2963775
2179042
1267390
2189367
7547548
6330942
7789956
2499287
2414195
2064467
7303334
1364126
1057125
1951970
1899139
9615124
1620458
2516616
4119072
6588180
1353471
1755254
4318701
4567494
8273715
1306307
5452877
6643011
2087588
8438055
5493189
2497202
2171962
6493385
1969377
2168155
2016244
2139224
1633716
9838483
2416151
1773165
8006323
2233624
2363780
1769926
7086226
1658882
2386380
9385390
3039018
2544371
1988144
4970501
2282909
1076530
5351622
1557979
1972609
2072873
2459152
7397615
9431326
1377923
2204008
1420802
8298056
1746125
1332019
6053844
1394851
1987409
3464250
2138915
2168528
1552422
1884508
2275712
1365077
7033868
1422510
2203943
1068286
9532682
1227039
3972644
1578789
7104978
1561457
1227723
2074802
1390393
2061767
1737902
3077888
1098667
1296072
1172831
1004523
3703484
9183536
1590314
1657998
1758007
1589198
4112787
1861110
2422308
8196030
2181058
1886828
1328136
2035286
1009235
3410935
2259912
3888353
1383659
5899071
2703076
2380475
2498604
3943381
1391504
3932781
4228554
1115346
7355999
3833218
2269066
1541389
1833997
2036406
2269102
1323655
1287714
1926646
2526227
6345051
3788385
2268270
1454071
2252023
1229576
9832291
4096800
1553072
5493374
1135884
2032439
1780982
2302757
5047989
3007563
1100694
2245712
7766457
7912309
1809547
1944062
5861228
1654689
5845003
1387409
1583448
1122451
2080121
5692904
1854158
7030228
1633113
4667609
2137041
1662335
2524338
1869853
1274268
1222749
1816549
8284543
2503452
2261954
2151720
1271444
2763086
6731922
1298092
4752434
1284086
1446067
2279916
2107905
2390080
8411344
1893318
9813130
4682248
4803941
2413537
1593910
2153499
5850456
1865259
7869457
6495992
1962458
6671002
5853108
1572376
8788873
1709494
6142738
1171370
1736311
2137567
1431237
4699110
2962474
2409356
1711374
9116368
2503302
1732462
1166239
5386880
3721890
1732456
1296024
1329812
2057157
1784289
1263467
7600159
6884259
1227578
5015095
4599648
1898047
1921050
2076277
1444073
8780139
4820831
1428959
1740436
2980126
1763437
1758786
4025041
1598912
1341833
5281053
1484836
4571433
8218308
1303686
1184655
1690106
1243512
4358830
1693985
1341801
1296250
2067406
1346948
1405014
2243554
1424767
1434301
2075543
1422228
2383457
4010561
1986297
1563608
1807989
1402797
2101598
5939644
1142845
5186323
1631596
4272164
2377286
5617702
4157568
8906901
1176749
1362673
2192204
1675604
1601452
1304186
2040711
2263565
2481338
3031070
3247405
2116282
1890861
1999964
1094029
3825069
5324537
2316633
5775738
1025271
3623698
2532037
7373885
1567457
1669805
1422256
3439933
1838375
1262965
1738028
1776731
2018610
2170706
5721041
1089160
2013890
4609851
5700586
1051264
1274359
1445389
1889808
1141810
1643395
1919891
1964705
9338540
6560974
1862418
5398103
2083788
1606096
1701774
2458099
2232556
1912165
4422028
2932716
2484097
1173243
1601606
4124056
2144893
1190067
5782682
6581407
5599386
1618111
7775553
6088245
4829949
1310919
2539635
4239720
5002952
3235766
1310453
2135104
1686774
1957716
6312392
1489265
2205096
1725555
1287618
2308101
1756535
1128994
3704672
1352244
6395182
1050000
2050630
1251799
8335713
5130793
2190694
1126385
2281090
8780022
2304530
1539164
2389117
6981583
1859426
4752046
1355798
1622028
1089820
1966881
2047046
1933421
1662522
1906397
2219459
1522121
2330004
2397273
3447039
1481096
4256999
2006152
4404870
3503479
6601166
6438841
1865167
1728952
2134718
2299397
1725592
1957601
9420819
2621939
2171298
4877768
1887344
1504824
5548238
5740280
4153937
1737024
1349751
2499771
1227077
2190191
3087504
5954778
4257834
1371528
4841267
1298123
1247299
1661248
3439847
1872132
7598644
2229655
1782925
2139573
3366873
1656991
8211978
1738960
2265036
1035204
1211246
3275290
1373316
1249888
1145334
2533488
5912487
1220315
2159117
1403070
1839143
1073301
3043838
1786840
2043993
1500498
2343177
1272329
6024390
1072793
6178570
1307661
1258026
6716350
5270350
2124168
1411956
3970013
2349783
1172211
2158821
2749761
1776214
5547026
6723858
2474295
2063528
8772263
1700897
2436041
9370049
1335815
2245707
4665180
2111659
2229707
2157918
9879535
2457305
1759525
2159694
2329634
1379196
2427487
1748190
3099669
1325622
2218315
2564789
3419933
1750499
1232869
1060906
1229487
2191501
2102823
9779926
2774710
4844808
5271996
7378551
1250907
2074010
7884702
1691063
4576055
9223604
1751042
2360696
1435878
2003545
1314931
9080070
1657185
9996852
1246133
1847389
2458212
1964531
1995776
5897898
4122137
1290396
5297546
1893368
2149420
7684605
2210383
8370202
1585426
6354475
1381658
1071986
1232932
1719800
1747207
3888798
2503021
2516011
2048655
1438858
2265241
2134180
1500836
5133377
1266821
2455234
3388571
2925176
1708373
6073846
2742796
7978055
1929796
1009525
1921085
1808544
6826837
1602795
1176099
1081247
2282168
6783824
1081187
2203615
2195674
1081511
2284140
1598220
2641248
2279688
7088244
2680206
1537278
1174460
4453199
1298080
1335326
9341402
2546177
1326696
6353165
1865499
2334647
4330989
2045254
1998736
1303682
2065067
1886945
1847302
1273164
2487728
4834537
2833372
8785475
7775598
6269381
5807054
3165038
1362862
1032171
1040513
1035402
3677618
1832890
1885976
9413428
2453821
3634192
1850959
1865053
1589178
1928895
1349201
1392072
1649373
2049503
1619035
4468912
5412987
4830399
2177220
1247431
1668461
6327570
1856905
8336179
7911979
3969036
2993802
9923571
1337679
2429654
1501885
1834785
1405765
4464508
6211897
3804800
1664935
2518817
2260105
2053937
1776684
4567139
3367195
4878685
1450207
1907983
1800018
1168666
1759591
1985819
9220868
9324903
1265047
2229837
2177078
1170141
5131887
2513973
1277442
6997969
1988187
2082187
1215056
2250363
5686850
2848896
2300945
1013164
4468430
1018349
1530730
9094138
2248667
1850567
1268042
2085134
1959907
9569729
6654794
7814167
9973850
4413727
2243787
1221720
1261081
2170668
1927222
4952258
4815133
5660350
4913844
2013038
2067940
1447043
1337586
2901983
4621241
3437262
1831484
1686081
2542494
2231047
2545358
1965001
6173060
2760180
1728136
5972123
1608275
6815440
1932006
1021553
3734594
5845405
1378660
1737087
6467192
2541764
2015141
1867932
4217863
1837572
1398484
2019082
2152612
3638126
1546475
1952028
1675886
1350622
2008526
4340310
1117994
5130765
3149140
1827212
1813587
9829176
8512542
1099252
5372614
1269553
7890081
1993494
3167588
6594704
2267510
9616998
2320590
9907824
1304368
1920881
2396692
1398185
2061754
8758411
2257177
2192164
1690791
2463823
3716727
8645448
9919226
1565504
1880950
1830815
1825515
6711965
1273303
1274197
1478502
1878222
9137905
7850148
2409550
2337577
7988409
1625903
4701671
2546002
1918945
1244610
1856945
2021477
1329889
2082976
2322978
1531539
7656066
2311130
1304631
1989745
2123575
1790021
2068418
1162052
1873840
2418945
4052589
1734498
1636532
2223767
1201600
2532836
2329797
7618270
1777424
2183836
1973914
6345592
6000103
1366534
5637475
1367637
1202295
4111527
1531197
1232112
1032620
2417756
2526262
1852435
1822556
1817432
1160266
1566986
1589735
1941854
2024220
1676597
2464607
5955969
1110765
3140097
1869017
2491721
8338617
1524464
5628854
1928406
1726628
1376593
2369987
2401062
5145168
2026790
1537129
6827087
2386479
7871359
2140244
2210717
1374718
1963730
1390733
5756141
5873149
1392414
1715589
4927562
1739486
2289240
6296587
1902686
1522293
2290874
6309725
1787127
3738938
1859751
2674897
1874978
1969248
5368249
4970716
1013027
1450922
1927913
2526553
2033940
1589248
3690479
1410193
1916293
1905025
7624033
3117835
1918335
1449735
1250470
1229072
1680185
2793422
6855494
1736914
1394981
5370884
3784754
1928462
1556988
1596716
5043113
1655376
4587819
2537270
4196796
1130215
1002177
7809824
1642167
1022505
2182679
7518974
1320333
1024129
6596066
2527463
1604711
2040948
1571933
1226986
2291957
1607564
1958364
1401086
2281114
2198258
1319111
9769969
1763345
1150992
7303655
1652347
8216131
1763302
1564963
1669260
1498696
1557813
4158811
1312808
2247220
4357163
1553901
1641943
1139356
2055502
1967689
7907724
1244277
2520341
2234875
5825382
1428273
3153869
1724242
6660408
1639004
2122060
2087115
6390597
1147956
1516128
6317158
2474637
1123304
2420672
2385330
1944278
1643435
3350693
7136983
1223260
1908380
1525359
1586531
3409770
2385411
1757497
2141345
1006428
1527123
1189765
5159327
8817832
1897583
2536688
6885547
2359200
1509697
1978949
6307635
1132889
2327931
1393453
7951060
4618204
1380344
9384441
1689295
6481749
1616446
7481300
2410228
1913752
8714654
6846517
1737841
1083058
1934132
6850771
1770221
5307459
1364645
1712983
2450673
1415689
2010397
2067895
1580334
1395696
9975217
1394682
1459402
5791325
1414765
1432253
1678906
3397704
5799906
1881014
1597030
6519372
2060233
2525935
5065182
2321888
5485009
6181396
2135870
1823496
2372322
1946830
1914156
2140649
9153449
1631795
1563600
1199529
4991042
2208592
1504059
2328549
4833749
3285788
2309941
1303658
1277720
8905127
6309484
1155476
5135105
1798828
1920495
2133549
2561940
1254444
1000083
1967283
1180496
8720850
1977770
1539677
9709933
1741093
5579546
9992515
1744670
2093426
2363862
2118081
1990104
3833521
8069153
1143650
1411080
1011492
1570909
1358278
1398891
1627353
1361489
1512508
3188580
2336687
1829613
4754463
1874297
1576087
2037863
5553563
7399370
6767041
4135707
2219441
1171194
1227846
2600207
1120142
1773484
2071909
1584736
3779559
1731865
4377750
2211705
8730045
1391092
4817078
2463843
2408441
1414409
1291277
1191840
1229766
1082314
2152436
3694585
1264465
1706512
1752929
7718933
1062783
8502620
2312049
2012298
7630904
5935275
1288661
2301389
1658471
2509085
2206700
1371171
4970933
2065054
1805984
9731634
1661859
1392318
1454510
1569204
8967322
1749647
1993307
2571592
7528693
2171212
1179685
1756288
5681417
3967714
1802712
7193290
5454053
1387342
4481778
1331466
1329773
1510091
4512225
1004285
6307915
2565419
1248685
6403662
1057893
1411519
1587652
3086053
3155816
7955126
2128662
9879846
1276141
1073789
1474423
2198927
1657468
1351291
3257673
5579325
1859227
2016938
8987335
8141690
5787764
1247510
1547285
9199363
1266486
2516230
1633235
2071269
1867946
2549654
1202716
1933933
1993899
2079418
1670988
1551380
1307836
3004593
1647316
1269344
1264525
1928897
1517833
2030227
9909919
2142113
2065560
3415927
8000935
2309010
1894336
2185750
9688229
1505144
3499675
2113700
6181694
4985594
6142332
2040012
1276751
1637281
1141114
1390394
2513228
2018536
1800817
5896483
1942395
1251016
1845018
2281749
1345200
1130482
1850000
1377292
2127977
3528324
2582421
1775344
6137705
1202502
1914309
1632161
1654420
2103308
2303753
1266454
4091794
5190382
1747603
2209684
2140119
